1  98  21  42
2  198  38  67
3  295  57  86
4  382  75  116
5  461  96  137
6  564  117  167
7  660  138  198
8  748  166  218
9  846  179  250
10  936  194  275
11  1064  216  320
12  1143  265  367
13  1267  276  414
14  1366  281  444
15  1433  310  469
16  1669  327  510
17  1678  365  527
18  1741  367  580
19  1846  397  604
20  1940  420  654
21  2040  450  663
22  2185  468  697
23  2331  491  728
24  2444  497  741
25  2464  523  794
26  2557  543  815
27  2635  566  855
28  2678  576  874
29  2693  598  915
30  2778  627  948
